13.0 0.0
12.984213827426172 0.3921266687789576
12.936917610515824 0.782705792741879
12.85829800582951 1.170195934525111
12.748665289029049 1.5530678475664417
12.60845213036123 1.9298105113426356
12.43821188710601 2.2989370946771195
12.238616419728157 2.658990823583367
12.010453440350908 3.0085507304862866
11.75462340401612 3.346237262132063
11.47213595499958 3.6707177240545925
11.164105942206312 3.9807115401116886
10.831749019371292 4.274995306334078
10.47637684742951 4.552407619141943
10.099391917989518 4.811853658874263
9.702282018339783 5.052309510541835
9.286614359831972 5.272826204751956
8.854029392813722 5.472533462857075
8.406234332520581 5.650643131547015
7.944996421477423 5.806452293330027
7.47213595499958 5.939346040626988
6.989519097318838 6.048799902530694
6.499050516685796 6.134381914652927
6.002665868514434 6.195754323890539
5.502324156234506 6.2326749213826576
4.999999999999999 6.244997998398398
4.497675843765493 6.2326749213826576
3.997334131485565 6.195754323890538
3.5009494833142014 6.134381914652926
3.010480902681161 6.048799902530694
2.5278640450004195 5.939346040626988
2.055003578522576 5.806452293330026
1.5937656674794183 5.650643131547014
1.1459706071862765 5.472533462857073
0.713385640168025 5.272826204751955
0.2977179816602158 5.052309510541835
-0.09939191798951796 4.811853658874263
-0.4763768474295098 4.552407619141942
-0.8317490193712933 4.274995306334076
-1.164105942206315 3.9807115401116873
-1.4721359549995787 3.670717724054593
-1.7546234040161206 3.346237262132063
-2.0104534403509087 3.0085507304862857
-2.2386164197281566 2.6589908235833657
-2.4382118871060117 2.298937094677118
-2.608452130361229 1.9298105113426338
-2.7486652890290486 1.553067847566442
-2.8582980058295098 1.1701959345251105
-2.936917610515823 0.782705792741878
-2.9842138274261725 0.3921266687789561
-3.0 -2.0085445456819447e-15
-2.9842138274261725 -0.3921266687789574
-2.936917610515823 -0.7827057927418792
-2.858298005829509 -1.1701959345251118
-2.7486652890290486 -1.553067847566443
-2.6084521303612282 -1.9298105113426376
-2.43821188710601 -2.2989370946771217
-2.2386164197281557 -2.6589908235833666
-2.010453440350908 -3.0085507304862866
-1.7546234040161197 -3.346237262132064
-1.4721359549995778 -3.670717724054594
-1.1641059422063122 -3.98071154011169
-0.8317490193712924 -4.274995306334078
-0.4763768474295089 -4.552407619141943
-0.09939191798951619 -4.811853658874264
0.297717981660214 -5.052309510541835
0.7133856401680294 -5.272826204751958
1.1459706071862779 -5.472533462857074
1.5937656674794227 -5.6506431315470165
2.0550035785225775 -5.806452293330027
2.5278640450004195 -5.939346040626988
3.0104809026811647 -6.048799902530695
3.500949483314203 -6.134381914652927
3.9973341314855704 -6.195754323890539
4.497675843765494 -6.2326749213826576
4.999999999999998 -6.244997998398398
5.5023241562345095 -6.2326749213826576
6.002665868514434 -6.195754323890539
6.499050516685801 -6.134381914652926
6.98951909731884 -6.048799902530694
7.472135954999578 -5.9393460406269885
7.944996421477426 -5.806452293330025
8.406234332520581 -5.650643131547015
8.854029392813725 -5.472533462857072
9.286614359831974 -5.272826204751955
9.70228201833979 -5.052309510541832
10.09939191798952 -4.811853658874262
10.47637684742951 -4.552407619141943
10.831749019371294 -4.274995306334075
11.164105942206316 -3.980711540111688
11.472135954999583 -3.670717724054589
11.754623404016122 -3.346237262132061
12.010453440350908 -3.0085507304862866
12.238616419728157 -2.658990823583364
12.43821188710601 -2.298937094677119
12.60845213036123 -1.9298105113426318
12.748665289029049 -1.55306784756644
12.85829800582951 -1.1701959345251112
12.936917610515824 -0.7827057927418761
12.984213827426172 -0.39212666877895686
